 
Counting error(%) of X-ray intensities,      Group : 10112021      ,  Sample : 10112021_0004_QNT  , Page ,  1 , 
 
   No. ,   Si    ,   Al    ,   Cl    ,   P     ,   Fe    ,   Mn    ,   Cr    ,   K     ,   Ca    ,   Ru    ,   Na    ,   Mg    ,  Total  ,Comment  
    1  ,     0.19,     0.28,     0.88,     6.74,    14.11,     5.51,    28.20,     2.76,     0.33,   100.00,     1.52,     0.30,   160.82,D2872_qnt_v2_1 
    2  ,     0.19,     0.28,     0.87,     5.56,    16.57,     5.35,    23.11,     2.82,     0.33,   100.00,     1.52,     0.29,   156.89,D2872_qnt_v2_2 
    3  ,     0.19,     0.28,     0.88,     5.83,    12.25,     5.09,    21.13,     2.71,     0.33,   100.00,     1.53,     0.29,   150.51,D2872_qnt_v2_3 
    4  ,     0.19,     0.28,     0.89,     5.73,    16.14,     5.24,    43.72,     2.85,     0.33,   100.00,     1.55,     0.30,   177.22,D2872_qnt_v2_4 
    5  ,     0.19,     0.28,     0.88,     5.84,    13.79,     5.39,    28.43,     2.79,     0.33,   100.00,     1.54,     0.30,   159.76,D2872_qnt_v2_5 
 
Minimum,     0.19,     0.28,     0.87,     5.56,    12.25,     5.09,    21.13,     2.71,     0.33,   100.00,     1.52,     0.29,   150.51 
Maximum,     0.19,     0.28,     0.89,     6.74,    16.57,     5.51,    43.72,     2.85,     0.33,   100.00,     1.55,     0.30,   177.22 
Average,     0.19,     0.28,     0.88,     5.94,    14.57,     5.32,    28.92,     2.79,     0.33,   100.00,     1.53,     0.30,   161.04 
Sigma  ,    -0.00,    -0.00,     0.01,     0.46,     1.78,     0.16,     8.86,     0.05,    -0.00,    -0.00,     0.01,     0.01,     9.89 
"No. of data"   5 
