 
Detection Limit (ppm),      Group : 10112021      ,  Sample : 10112021_0002_QNT  , Page ,  1 , 
 
   No. ,   Si    ,   Al    ,   Cl    ,   P     ,   Fe    ,   Mn    ,   Cr    ,   K     ,   Ca    ,   Ru    ,   Na    ,   Mg    , Comment  
    3  ,   104.00,    59.00,    46.00,    56.00,   192.00,    80.00,    69.00,    37.00,    56.00,    69.00,    65.00,    35.00,,D2983_qnt_v2_2 
    4  ,   101.00,    58.00,    42.00,    57.00,   207.00,    78.00,    69.00,    37.00,    56.00,    66.00,    68.00,    34.00,,D2983_qnt_v2_3 
    5  ,   102.00,    60.00,    43.00,    53.00,   210.00,    82.00,    70.00,    36.00,    54.00,    66.00,    70.00,    35.00,,D2983_qnt_v2_4 
    6  ,   103.00,    61.00,    40.00,    55.00,   214.00,    82.00,    69.00,    38.00,    55.00,    65.00,    70.00,    35.00,,D2983_qnt_v2_5 
 
Minimum,   101.00,    58.00,    40.00,    53.00,   192.00,    78.00,    69.00,    36.00,    54.00,    65.00,    65.00,    34.00, 
Maximum,   104.00,    61.00,    46.00,    57.00,   214.00,    82.00,    70.00,    38.00,    56.00,    69.00,    70.00,    35.00, 
Average,   102.50,    59.50,    42.75,    55.25,   205.75,    80.50,    69.25,    37.00,    55.25,    66.50,    68.25,    34.75, 
Sigma  ,     1.29,     1.29,     2.50,     1.71,     9.60,     1.91,     0.50,     0.82,     0.96,     1.73,     2.36,     0.50, 
"No. of data"   4 
