 
Counting error(%) of X-ray intensities,      Group : 10112021      ,  Sample : 10112021_0002_QNT  , Page ,  1 , 
 
   No. ,   Si    ,   Al    ,   Cl    ,   P     ,   Fe    ,   Mn    ,   Cr    ,   K     ,   Ca    ,   Ru    ,   Na    ,   Mg    ,  Total  ,Comment  
    3  ,     0.19,     0.29,     1.87,     6.00,     1.17,     4.20,    11.79,     2.88,     0.33,   100.00,     1.60,     0.31,   130.63,D2983_qnt_v2_2 
    4  ,     0.19,     0.29,     1.85,     6.09,     1.18,     4.04,    13.94,     2.92,     0.33,    46.79,     1.60,     0.30,    79.52,D2983_qnt_v2_3 
    5  ,     0.19,     0.29,     1.85,     5.59,     1.18,     4.33,    14.32,     2.77,     0.33,    55.21,     1.65,     0.31,    88.02,D2983_qnt_v2_4 
    6  ,     0.19,     0.29,     1.86,     5.84,     1.18,     4.50,    15.28,     3.03,     0.33,    42.45,     1.63,     0.31,    76.89,D2983_qnt_v2_5 
 
Minimum,     0.19,     0.29,     1.85,     5.59,     1.17,     4.04,    11.79,     2.77,     0.33,    42.45,     1.60,     0.30,    76.89 
Maximum,     0.19,     0.29,     1.87,     6.09,     1.18,     4.50,    15.28,     3.03,     0.33,   100.00,     1.65,     0.31,   130.63 
Average,     0.19,     0.29,     1.86,     5.88,     1.18,     4.27,    13.83,     2.90,     0.33,    61.11,     1.62,     0.31,    93.76 
Sigma  ,    -0.00,    -0.00,     0.01,     0.22,     0.00,     0.20,     1.47,     0.11,    -0.00,    26.46,     0.02,     0.00,    25.03 
"No. of data"   4 
