 
Detection Limit (ppm),      Group : 10112021      ,  Sample : 10112021_0005_QNT  , Page ,  1 , 
 
   No. ,   Si    ,   Al    ,   Cl    ,   P     ,   Fe    ,   Mn    ,   Cr    ,   K     ,   Ca    ,   Ru    ,   Na    ,   Mg    , Comment  
    6  ,   103.00,    59.00,    42.00,    56.00,   202.00,    81.00,    77.00,    38.00,    57.00,   169.00,    71.00,    32.00,,Edi09_qnt_v3_1 
    7  ,   101.00,    60.00,    41.00,    56.00,   204.00,    82.00,    76.00,    36.00,    55.00,   158.00,    65.00,    32.00,,Edi09_qnt_v3_2 
    8  ,   104.00,    59.00,    45.00,    56.00,   201.00,    80.00,    74.00,    37.00,    55.00,   162.00,    72.00,    32.00,,Edi09_qnt_v3_3 
    9  ,   104.00,    60.00,    42.00,    54.00,   199.00,    80.00,    77.00,    36.00,    55.00,   150.00,    67.00,    32.00,,Edi09_qnt_v3_4 
   10  ,   101.00,    59.00,    43.00,    52.00,   192.00,    79.00,    74.00,    37.00,    55.00,   176.00,    70.00,    31.00,,Edi09_qnt_v3_5 
 
Minimum,   101.00,    59.00,    41.00,    52.00,   192.00,    79.00,    74.00,    36.00,    55.00,   150.00,    65.00,    31.00, 
Maximum,   104.00,    60.00,    45.00,    56.00,   204.00,    82.00,    77.00,    38.00,    57.00,   176.00,    72.00,    32.00, 
Average,   102.60,    59.40,    42.60,    54.80,   199.60,    80.40,    75.60,    36.80,    55.40,   163.00,    69.00,    31.80, 
Sigma  ,     1.52,     0.55,     1.52,     1.79,     4.62,     1.14,     1.52,     0.84,     0.89,    10.00,     2.92,     0.45, 
"No. of data"   5 
