 
Counting error(%) of X-ray intensities,      Group : 10112021      ,  Sample : 10112021_0006_QNT  , Page ,  1 , 
 
   No. ,   Si    ,   Al    ,   Cl    ,   P     ,   Fe    ,   Mn    ,   Cr    ,   K     ,   Ca    ,   Ru    ,   Na    ,   Mg    ,  Total  ,Comment  
    6  ,     0.19,     0.29,   174.38,     5.57,     1.14,     3.91,    23.12,     2.82,     0.32,    65.25,     1.58,     0.29,   278.86,Edi06_qnt_v3_1 
    7  ,     0.19,     0.29,    62.27,     5.92,     1.15,     4.06,    21.31,     2.70,     0.32,   100.00,     1.60,     0.29,   200.10,Edi06_qnt_v3_2 
    8  ,     0.19,     0.30,  1345.34,     5.65,     1.15,     4.12,    15.89,     2.80,     0.32,   100.00,     1.56,     0.29,  1477.61,Edi06_qnt_v3_3 
 
Minimum,     0.19,     0.29,    62.27,     5.57,     1.14,     3.91,    15.89,     2.70,     0.32,    65.25,     1.56,     0.29,   200.10 
Maximum,     0.19,     0.30,  1345.34,     5.92,     1.15,     4.12,    23.12,     2.82,     0.32,   100.00,     1.60,     0.29,  1477.61 
Average,     0.19,     0.29,   527.33,     5.71,     1.15,     4.03,    20.11,     2.77,     0.32,    88.42,     1.58,     0.29,   652.19 
Sigma  ,    -0.00,     0.01,   710.63,     0.18,     0.01,     0.11,     3.76,     0.06,    -0.00,    20.06,     0.02,    -0.00,   715.92 
"No. of data"   3 
